2480000000000
0483008010000
0660004004400
05e0004004400
3502020040000
0483008010020
066000401a420
05e000401a420
4920008020060
0483008010040
0620004014420
0760004014420
0480800218000
4950480800200
0483004004400
0720004000000
1400000000018
0000000000000
5860820000000
0000000000000
0480800218000
0480800206000
0480800204000
0410008000060
1610000000010
1650000000010
0660010000000
0483010000000
1712020040010
1750000000010
0480810100000
05e0010000000
8004000000000
1850000000010
4cc20004a0800
0808010000000
1910000000010
0a620004a1000
09c0810100000
0a220004a0800
1a10000000010
1a40000000018
0881450000080
0bd0001000000
0b50480800100
09421004a1800
0000000000000
0c220004a1000
1c00000000018
49504c0800000
0d20002000000
0480000000000
1d10000000010
0000000000000
0480810100000
0000000000000
0000000000000
0000000000000
0000000000000
04822004a0000
0000000000000
0000000000000
0000000000000
0000000000000
